
state={
	id=30
	name="STATE_30"

	history={
		owner = WPK
		add_core_of = WPK

	}

	provinces={
		9 21 311 330 367 377 434 563 571 671 694 790 850 870 893 1009 1024 1224 1747 1796 2158 2265 2309 2585 2648 2669 2706 2713 2881 2941 2975 3021 3045 3063 3160 3328 3406 3443 3462 3649 3739 3761 3780 3873 3883 3888 3889 3978 4017 4093 4097 4140 4232 4294 4457 4548 4556 4591 4620 4726 4809 4812 5082 5094 5117 5184 5205 5209 5295 5296 5384 5421 5434 5451 5548 5573 5648 5714 5748 5796 5838 5849 5883 5889 5898 5939 5947 6008 6045 6068 6082 6200 6240 6312 6329 6359 6458 6628 6636 6638 6711 6764 6796 6857 6872 6905 6927 7159 7201 7248 7261 7262 7297 7392 7481 7620 7624 7655 7701 7750 7751 7775 7812 7835 7891 8038 8115 8205 8229 8369 8373 8645 8741 8747 8777 8875 8970 8998 9024 9051 9064 9138 9156 9194 9264 9293 9305 9420 9437 9509 9663 9675 9711 9756 12877 12892 12896 12902 12903 12909 12910 12916 12921 12928 12936 12944 12946 12947 12950 12951 12952 12963 12975 12977 12981 12986 12989 12994 12995 13006 13007 13014 13016 13018 13025 13029 13032 13037 13038 13039 13040 13048 13052 13053 13054 13063 13064 13066 13070 13077 13078 13090 13092 13095 13096 13100 13105 13106 13107 13109 13112 13114 13122 13125 13127 13129 13131 13132 13134 13136 13140 13141 13144 13146 13148 13150 13153 13154 13157 13158 13160 13162 13164 13166 13169 13171 13177 13178 13179 13180 13181 13182 13183 13184 13189 13190 13191 13192 13194 13195 13197 13198 13199 13200 13203 13204 13205 13206 13208 13209 13210 13211 13212 13213 13214 13217 17657 17714 
	}
	manpower=1
	buildings_max_level_factor=1.000
	state_category=town
	local_supplies=0.000
}
