
state={
	id=68
	name="STATE_68"

	history={
		owner = WPK
		add_core_of = WPK

	}

	provinces={
		77 90 199 214 398 424 519 785 818 835 1001 1326 1429 1587 1637 1675 1792 1879 2302 2322 2443 2616 2728 2743 2809 2819 2853 2995 3043 3232 3302 3316 3518 3679 3792 3851 4048 4555 4641 4663 5142 5306 5425 5435 5529 5839 5969 5976 6036 6061 6110 6146 6174 6288 6340 6382 6408 6525 6633 6755 6782 7059 7067 7163 7430 7490 7525 7966 8108 8122 8164 8170 8176 8343 8364 8383 8391 8585 8679 8687 8899 8908 8944 9275 9289 9319 9360 9382 9637 9648 12968 12969 13028 13035 13050 13062 13076 13082 13085 13093 13104 13113 13118 13121 13124 13128 13130 13135 13137 13143 13145 13149 13151 13152 13155 13159 13163 13165 13167 13168 13170 13173 13174 13175 13176 13186 13187 13188 13193 13201 13202 13207 13216 13222 13223 17672 
	}
	manpower=1
	buildings_max_level_factor=1.000
	state_category=town
	local_supplies=0.000
}
