state={
	id=69
	name="STATE_69"
	provinces={
		180 193 399 452 459 742 945 1101 1199 1253 1581 1601 1606 1676 1802 1870 1893 1920 1952 2045 2069 2141 2250 2296 2300 2499 2560 2594 2650 2700 2722 2851 2982 3140 3266 3529 3543 3608 3741 3989 4149 4200 4395 4431 4534 4547 4629 4645 4689 4721 4761 4806 4852 5015 5178 5198 5371 5538 5560 5570 5658 5750 5933 6007 6015 6100 6139 6202 6444 6482 6497 6520 6614 6692 6716 6718 6868 6889 6967 6974 7008 7273 7294 7389 7537 7575 7594 7607 7716 7877 7937 8012 8072 8211 8225 8337 8460 8518 8568 8618 8824 8833 8840 8906 9222 9233 9384 9450 9460 9538 9595 9626 9720 9752 13218 13225 13226 13227 13228 13230 13232 13234 13236 13237 13239 13242 13244 13245 13248 13252 13253 13254 13255 13256 13257 13259 13260 13261 13263 13264 13265 13267 13268 13269 13270 13272 13273 13275 13277 13278 13280 13281 13283 13284 13286 13289 13291 13292 13293 13295 13297 13298 13299 13302 13303 13304 13305 13306 13309 13311 13314 13315 13316 13319 13321 13323 13324 13325 13329 13333 13334 13335 13336 13338 13340 13342 13347 13351 13352 13354 13356 13357 13358 13362 13365 13367 13368 13369 13371 13372 13373 13374 13384 13385 13388 13390 13391 13396 13400 13402 13406 13408 13416 13423 13467 15522 17716 
	}
	manpower=1
	state_category=town
	buildings_max_level_factor=1.000
	local_supplies=0.000
    
    history={
		owner = ROK
		add_core_of = ROK
	}
}
