
state={
	id=7
	name="STATE_7"

	history={
		owner = ROK
		add_core_of = ROK

	}

	provinces={
		5 18 29 73 76 116 162 197 202 204 212 228 256 282 323 336 375 412 413 417 463 468 509 538 540 559 625 627 692 714 724 768 782 783 789 849 872 901 906 913 936 959 980 1038 1099 1149 1169 1209 1214 1222 1381 1407 1423 1441 1442 1452 1466 1506 1520 1528 1572 1588 1607 1649 1671 1759 1788 1805 1834 1840 1876 1949 1965 1972 1980 2019 2179 2204 2213 2218 2233 2257 2381 2385 2386 2447 2530 2534 2629 2643 2655 2674 2685 2711 2932 2942 2960 3003 3050 3149 3170 3215 3219 3239 3254 3294 3299 3304 3306 3309 3408 3434 3441 3490 3566 3567 3616 3654 3683 3693 3740 3751 3771 3773 3845 3856 3911 3916 3920 3938 3947 4003 4022 4058 4125 4129 4138 4211 4230 4241 4393 4409 4423 4485 4497 4513 4587 4588 4595 4604 4627 4656 4685 4693 4800 4824 4834 4836 4839 4872 4891 4922 4971 4982 5040 5067 5102 5146 5183 5188 5201 5223 5237 5312 5444 5497 5535 5544 5563 5571 5581 5594 5612 5657 5691 5702 5715 5716 5723 5726 5747 5828 5937 5997 6009 6117 6132 6238 6244 6339 6438 6441 6519 6534 6562 6582 6613 6701 6730 6738 6757 6765 6777 6795 6799 6809 6900 6936 6937 7053 7085 7099 7183 7191 7192 7195 7216 7240 7250 7264 7267 7286 7292 7295 7306 7309 7316 7320 7324 7359 7386 7445 7477 7578 7579 7581 7596 7646 7673 7680 7686 7819 7832 7833 7899 7920 7927 7948 7956 7973 8001 8022 8041 8059 8167 8240 8244 8250 8271 8294 8351 8365 8368 8377 8392 8427 8466 8473 8485 8509 8510 8537 8594 8602 8617 8629 8682 8690 8814 8884 8934 8964 9000 9046 9093 9160 9173 9180 9229 9273 9276 9299 9303 9323 9346 9354 9388 9425 9443 9531 9535 9567 9632 9683 9689 9712 9754 9781 13224 13233 13235 13241 13243 13251 13258 13266 13276 13285 13290 13294 13301 13307 13308 13312 13313 13322 13326 13327 13328 13330 13331 13332 13349 13350 13353 13355 13360 13361 13364 13366 13379 13380 13383 13387 13399 13404 13405 13409 13415 13418 13419 13420 13422 13433 13434 13436 13439 13441 13443 13448 13449 13450 13451 13452 13456 13458 13459 13463 13464 13465 13469 13470 13471 13474 13484 13487 13489 13490 13492 13493 13494 13501 13502 13508 13509 13510 13513 13518 13519 13520 13521 13523 13528 13531 13534 13536 13539 13544 13547 13555 13557 13561 13562 13564 13569 13570 13575 13576 13579 13581 13582 13584 13588 13589 13595 13597 13598 13599 13601 13602 13603 13606 13609 13610 13614 13615 13616 13620 13621 13626 13628 13629 13630 13631 13636 13637 13643 13646 13651 13658 13659 13660 13670 13672 13675 13680 13681 13683 13687 13688 13691 13692 13693 13694 13699 13701 13707 13710 13713 13717 13719 13722 13723 13724 13725 13727 13742 13750 13756 17715 17717 
	}
	manpower=1
	buildings_max_level_factor=1.000
	state_category=town
	local_supplies=0.000
}
